2 -> (-1, -1)
0 -> (14, 0)
7 -> (-1, -1)
2 -> (-1, -1)
0 -> (1, 0)
13 -> (-1, -1)
40 -> (-1, -1)
0 -> (14, 0)
41 -> (-1, -1)
14 -> (-1, -1)
7 -> (-1, -1)
2 -> (-1, -1)
0 -> (9, 0)
7 -> (-1, -1)
2 -> (-1, -1)
0 -> (5, 0)
7 -> (-1, -1)
0 -> (9, 0)
23 -> (-1, -1)
1 -> (1, 1)
20 -> (-1, -1)
38 -> (-1, -1)
0 -> (9, 0)
29 -> (-1, -1)
23 -> (-1, -1)
0 -> (14, 0)
39 -> (-1, -1)
15 -> (-1, -1)
51 -> (-1, -1)
5 -> (-1, -1)
38 -> (-1, -1)
0 -> (1, 0)
40 -> (-1, -1)
0 -> (9, 0)
41 -> (-1, -1)
39 -> (-1, -1)
51 -> (-1, -1)
0 -> (9, 0)
23 -> (-1, -1)
0 -> (9, 0)
24 -> (-1, -1)
1 -> (1, 1)
16 -> (-1, -1)
0 -> (9, 0)
23 -> (-1, -1)
1 -> (1, 1)
0 -> (5, 0)
23 -> (-1, -1)
1 -> (0, 0)
20 -> (-1, -1)
38 -> (-1, -1)
0 -> (9, 0)
29 -> (-1, -1)
23 -> (-1, -1)
0 -> (14, 0)
39 -> (-1, -1)
15 -> (-1, -1)
51 -> (-1, -1)
0 -> (5, 0)
23 -> (-1, -1)
0 -> (5, 0)
0 -> (1, 0)
40 -> (-1, -1)
0 -> (9, 0)
41 -> (-1, -1)
51 -> (-1, -1)
0 -> (9, 0)
23 -> (-1, -1)
0 -> (9, 0)
24 -> (-1, -1)
1 -> (1, 1)
16 -> (-1, -1)
6 -> (-1, -1)
0 -> (5, 0)
