2 -> (-1, -1)
0 -> (1, 0)
7 -> (-1, -1)
2 -> (-1, -1)
0 -> (2, 0)
7 -> (-1, -1)
2 -> (-1, -1)
0 -> (3, 0)
7 -> (-1, -1)
5 -> (-1, -1)
38 -> (-1, -1)
0 -> (1, 0)
39 -> (-1, -1)
5 -> (-1, -1)
38 -> (-1, -1)
0 -> (2, 0)
39 -> (-1, -1)
5 -> (-1, -1)
38 -> (-1, -1)
0 -> (3, 0)
39 -> (-1, -1)
0 -> (1, 0)
23 -> (-1, -1)
24 -> (-1, -1)
1 -> (2, 1)
2 -> (-1, -1)
0 -> (9, 0)
7 -> (-1, -1)
2 -> (-1, -1)
0 -> (11, 0)
7 -> (-1, -1)
2 -> (-1, -1)
0 -> (7, 0)
7 -> (-1, -1)
2 -> (-1, -1)
0 -> (9, 1)
7 -> (-1, -1)
2 -> (-1, -1)
0 -> (5, 0)
7 -> (-1, -1)
2 -> (-1, -1)
0 -> (3, 1)
7 -> (-1, -1)
17 -> (-1, -1)
38 -> (-1, -1)
0 -> (1, 0)
29 -> (-1, -1)
0 -> (2, 0)
39 -> (-1, -1)
15 -> (-1, -1)
45 -> (-1, -1)
51 -> (-1, -1)
0 -> (9, 0)
23 -> (-1, -1)
0 -> (2, 0)
18 -> (-1, -1)
15 -> (-1, -1)
45 -> (-1, -1)
51 -> (-1, -1)
0 -> (9, 0)
23 -> (-1, -1)
0 -> (1, 0)
16 -> (-1, -1)
17 -> (-1, -1)
38 -> (-1, -1)
0 -> (3, 0)
29 -> (-1, -1)
0 -> (2, 0)
39 -> (-1, -1)
15 -> (-1, -1)
45 -> (-1, -1)
51 -> (-1, -1)
0 -> (11, 0)
23 -> (-1, -1)
0 -> (2, 0)
18 -> (-1, -1)
15 -> (-1, -1)
45 -> (-1, -1)
51 -> (-1, -1)
0 -> (11, 0)
23 -> (-1, -1)
0 -> (3, 0)
16 -> (-1, -1)
17 -> (-1, -1)
38 -> (-1, -1)
0 -> (11, 0)
29 -> (-1, -1)
0 -> (9, 0)
39 -> (-1, -1)
15 -> (-1, -1)
45 -> (-1, -1)
51 -> (-1, -1)
0 -> (5, 0)
23 -> (-1, -1)
0 -> (9, 0)
18 -> (-1, -1)
15 -> (-1, -1)
45 -> (-1, -1)
51 -> (-1, -1)
0 -> (5, 0)
23 -> (-1, -1)
0 -> (11, 0)
16 -> (-1, -1)
17 -> (-1, -1)
38 -> (-1, -1)
0 -> (1, 0)
29 -> (-1, -1)
0 -> (2, 0)
39 -> (-1, -1)
15 -> (-1, -1)
45 -> (-1, -1)
51 -> (-1, -1)
0 -> (7, 0)
23 -> (-1, -1)
0 -> (1, 0)
18 -> (-1, -1)
15 -> (-1, -1)
45 -> (-1, -1)
51 -> (-1, -1)
0 -> (7, 0)
23 -> (-1, -1)
0 -> (2, 0)
16 -> (-1, -1)
17 -> (-1, -1)
38 -> (-1, -1)
0 -> (3, 0)
29 -> (-1, -1)
0 -> (2, 0)
39 -> (-1, -1)
15 -> (-1, -1)
45 -> (-1, -1)
51 -> (-1, -1)
0 -> (9, 1)
23 -> (-1, -1)
0 -> (3, 0)
18 -> (-1, -1)
15 -> (-1, -1)
45 -> (-1, -1)
51 -> (-1, -1)
0 -> (9, 1)
23 -> (-1, -1)
0 -> (2, 0)
16 -> (-1, -1)
17 -> (-1, -1)
38 -> (-1, -1)
0 -> (9, 1)
29 -> (-1, -1)
0 -> (7, 0)
39 -> (-1, -1)
15 -> (-1, -1)
45 -> (-1, -1)
51 -> (-1, -1)
0 -> (3, 1)
23 -> (-1, -1)
0 -> (9, 1)
18 -> (-1, -1)
15 -> (-1, -1)
45 -> (-1, -1)
51 -> (-1, -1)
0 -> (3, 1)
23 -> (-1, -1)
0 -> (7, 0)
16 -> (-1, -1)
6 -> (-1, -1)
38 -> (-1, -1)
0 -> (5, 0)
39 -> (-1, -1)
6 -> (-1, -1)
38 -> (-1, -1)
0 -> (3, 1)
39 -> (-1, -1)
